2.5 5.4009541152541924 2.3625378051332095 3.0372672242683034
7.5 1.5664762646561547 0.015000279257580545 0.5553569754993531
12.5 0.6284828911109357 -0.18360222696526346 0.109476867823323
17.5 0.33071643809665735 -0.13872854233838808 0.03919111479000814
22.5 0.19891229557811652 -0.11280140771321771 0.010695968229477847
27.5 0.12463938010974089 -0.08728550948899913 0.013886810100658413
32.5 0.08568038802616823 -0.07727073167505037 0.009501517071789176
37.5 0.05444826594557426 -0.06134561272971752 -0.0034275162393508102
42.5 0.0347593728518683 -0.04617101286961461 0.01065430423063934
47.5 0.025092870017710083 -0.03974487926550231 0.01692371624874736
52.5 0.02071829898436798 -0.026699609164581476 0.013821196298957955
57.5 0.015573136258038866 -0.0193935677801403 0.00795203882087255
62.5 0.012056595595564488 -0.018357463614463505 0.003239602397832334
67.5 0.009669363955783314 -0.014041629074189045 0.007196727459480184
72.5 0.007347897896881212 -0.011072233586001743 0.003751755860257265
77.5 0.006629839572882428 -0.006918527188476802 0.008459528491223126
82.5 0.0052681450696354624 -0.005851444990004982 0.00393095003597447
87.5 0.004213057828617667 -0.00492975930582147 0.0007660245394560407
92.5 0.00487759169361249 -0.005958757217285469 -0.002837160145359885
97.5 0.005517150935992496 -0.0065100083089524394 -0.002992541367414262
102.5 0.006361146910986971 0.0016729925990230507 -0.004416350016010212
107.5 0.0039115771971416245 -0.0010561960507879705 -0.006578641130089265
112.5 0.003397285621274741 -0.0008540253205610155 -0.0046365099290633606
117.5 0.002241600685529672 -0.00046436310555153276 0.003478277194376106
122.5 0.0018249938633180791 0.00016867293145431025 0.00038472318499784144
127.5 -0.00036730744318807097 0.00022514910678939017 0.001896290083228554
132.5 -0.00035633610394854797 0.0019145483898170335 0.003616715713520817
137.5 -0.0008927169388940836 0.0007525398454343741 -0.0006818640144681566
142.5 -0.00018290048139512277 0.001060489181971564 -2.676468552601321e-05
147.5 0.0003918497189912452 0.0002346414334487178 0.0009029581977125994
152.5 -0.0006179714755415197 -0.002834314658619208 0.0011025415302563096
157.5 0.00021617565294026908 0.0019564148666955388 0.0012740364123448955
162.5 0.00035939856627774294 -0.001477338661182156 4.809496222446691e-05
167.5 -0.0001985111992910482 0.0013995237727742582 -0.0020271175837751725
172.5 0.0011944106164965397 0.0001125026459793264 -0.004482656518416579
177.5 1.26914646445484e-05 -0.001147012792841873 -0.005761273131565979
182.5 -0.00017711889222157698 0.002599546366003216 -0.006244105424797299
187.5 -0.0004914326059062768 -0.0004613774383676273 -0.0055096543976134605
192.5 -0.0006195545270949444 -0.001932859532172687 -0.006013329629984532
197.5 -0.0013602846978164253 -0.0014059570367982318 -0.006736335675698844
