2.5 3.070959556291191 0.940718676416287 1.093087296522755
7.5 0.9431469659138949 -0.16335669605497427 0.0863883940280647
12.5 0.40798119112869446 -0.17760624396001143 0.01131635513679909
17.5 0.2210497301516075 -0.09449056176406664 0.03890514275582066
22.5 0.13606231256130139 -0.0854088766839507 0.007546912481569339
27.5 0.07764833634453894 -0.05729689886848874 0.0062530202862455175
32.5 0.05857049989402673 -0.049347673896482806 0.00485984883917613
37.5 0.037557140629117865 -0.03866136596038572 0.012153460495315105
42.5 0.02592396184334541 -0.027008618439247196 0.016869204412809997
47.5 0.01666638233776436 -0.021190780727343237 0.011772478089586215
52.5 0.014463900741675452 -0.016692782717762356 0.0033735339252736144
57.5 0.0100563234145597 -0.0060665424140081475 -0.003444143421255537
62.5 0.008358360158292801 -0.0010918429333933752 -0.003496108164932982
67.5 0.006691762149773113 -0.004391251617538166 -0.0037927060216646326
72.5 0.005752586089322657 -0.0036727296999926663 -0.0027873184092280195
77.5 0.005243471169411921 -0.0033114509300406687 -0.009181555612398468
82.5 0.00373048635620292 -0.003605327975641174 -0.004678789974137227
87.5 0.003003064199635734 -0.007219456289280808 -0.005993898365006508
92.5 0.002424403658578424 0.00024921361992630314 -0.004569460989725042
97.5 0.0036074922035636316 0.00032427904340304517 -0.004225216201572394
102.5 0.0037352720453557196 -0.0011309172359780582 -0.00505161844234482
107.5 0.004052574227571819 -0.0014183539742580477 -0.00820819661841846
112.5 0.0034191213480311384 0.0025478459200504915 -0.0034700314346670243
117.5 0.0042830557314522495 0.0016623960087017956 -0.0026570909478696478
122.5 0.0027149099617185244 0.002110539402636821 -0.0034012090894712916
127.5 -0.0004282150151444517 0.0028501016338397293 -0.0023417242817306057
132.5 -0.0004816644925617826 0.004551007195961171 -0.0031723807834369245
137.5 -0.0012054441129359349 0.003675948527553777 -0.006368131380464551
142.5 -0.0006019958058602706 0.001491758992127647 -0.008023252393566396
147.5 -0.00019710066351308255 0.0018572080561599013 -0.0012387362089851862
152.5 -0.000750933601887878 0.0031175005206752447 -0.0014968446351808988
157.5 -0.0007225138121379339 0.0030522915287377354 -0.0008626339161926321
162.5 -0.0004422985705013502 0.0010156063594141166 -0.004207261126834697
167.5 -0.00020489700259543336 0.001922739944212453 -0.0022102438314902007
172.5 -0.0002365837306189276 0.0016293927989022045 -0.004100562324125573
177.5 -0.0004677276155876972 0.00034977784125990864 -0.0020253108736074284
182.5 -0.00028100781269081666 0.0011684512973145166 -0.002453439689250999
187.5 0.0005939163915052692 0.0017432506748616932 -0.0017852381550827147
192.5 0.0002178099157056934 -0.0008960730706602765 -0.0014481015726937067
197.5 -0.0003601919481270177 -0.0015043079083861125 -0.0007643557297562177
