2.5 2.943415121824908 0.7744553204387434 1.2091956828116484
7.5 0.9468230018672886 -0.1464674440922132 0.18294880259829716
12.5 0.40708635975666585 -0.1761624141821948 0.060225248503099064
17.5 0.21933963661501304 -0.11458165417410802 0.025136833901972758
22.5 0.1232087066953038 -0.10218783477032156 0.02605062591771458
27.5 0.07892984534366793 -0.07087701272344146 0.023961383982549583
32.5 0.04643749063102244 -0.067057781227788 0.009520429636782965
37.5 0.035834897477011504 -0.03574043484071997 0.009801117216245162
42.5 0.029959977510069458 -0.036719795261992615 -0.0006060834421260351
47.5 0.01935045375259006 -0.030205595456252628 -0.00037715461704524887
52.5 0.018254025333522557 -0.017338081695124793 0.00589493917776007
57.5 0.012473852923722469 -0.009002512764081646 0.014490594895476843
62.5 0.00666014526654267 0.000660662621388414 0.0037237954355713873
67.5 0.004568553515816601 -0.005821968879289124 0.012923533652258658
72.5 0.002050017199767887 -0.009079206966638786 0.002647418120607867
77.5 0.0009304483013571941 -0.0020362340506706266 0.004342728888424216
82.5 0.00029075460952596296 -0.0004857139104868396 -0.005055144257223384
87.5 0.0009860739055074091 -0.005086318906423629 -0.003571399949554677
92.5 0.0008503842564138925 -0.006828190011122491 -0.009633424008701371
97.5 0.0023477165483073432 -0.00562635817759767 -0.004726220361372577
102.5 0.0008838745381957104 -0.004719091431944827 -0.0038471023526172946
107.5 -0.001127531086213345 -0.006747661455188598 0.00013120735120345384
112.5 -0.0008372056751193291 -0.006649127274006221 -0.005933734689498578
117.5 -0.0033793112128339127 -0.006705093353547514 -0.003262668866124039
122.5 -0.0020843240465790525 -0.007274539675679179 -0.004886339686669926
127.5 -0.004409034473580565 -0.004777311727549186 -0.0012757108843721985
132.5 -0.0033070185003558385 -0.003906994144236804 0.001773566233026996
137.5 -0.004262481212027464 -0.0073704618254718905 0.0025929977923534603
142.5 -0.005152235567263867 -0.0065678132724615364 0.0033016055021275817
147.5 -0.003339277377559997 -0.004197821824642449 7.636649192849319e-06
152.5 -0.002646058002312508 -0.006110084570949959 -0.0005824300092686305
157.5 -0.00342368315862201 -0.005426522720821551 -0.0021819567405026944
162.5 -0.0037932905885099473 -0.00494904149601975 0.00013860479670672042
167.5 -0.003439932997166634 -0.003916472930851731 0.0005223944407394187
172.5 -0.0033770029643834807 -0.0030972498412595206 -0.001133315324894974
177.5 -0.002029104969463201 -0.002832580742662856 -0.0008567521221059689
182.5 -0.0011851506630601728 -0.0020327760951544946 -0.0017953129760063424
187.5 -0.0008550972776099829 -0.002581877090400611 0.0018076167180443282
192.5 -0.001142832461182514 -0.0034000386810445937 0.0007296381395223534
197.5 -7.022841058550432e-05 -0.00010975415244676874 0.0013635954542321627
