2.5 5.462666892411423 2.0845641366873187 2.459090702304484
7.5 1.618413848284553 0.05895121715118887 0.5610874069613286
12.5 0.6526488193551576 -0.17482296223508284 0.11664679550212906
17.5 0.3380916367029253 -0.15176376114187962 0.042811887943234525
22.5 0.20008097027728627 -0.10909625654235841 0.026717300101546465
27.5 0.12477521836102462 -0.07430763658706518 0.019342266303520136
32.5 0.0832148617112331 -0.06069676978447766 0.013196829478035564
37.5 0.0559055865896444 -0.05181528034965907 -0.00048506507070615585
42.5 0.0358849156845965 -0.037439428304199655 -0.001534600807082871
47.5 0.02685601770566836 -0.03037252730404372 -0.005714669138160286
52.5 0.018032046318098308 -0.026829815636738506 -0.006523652486155862
57.5 0.01307639536898405 -0.0213350959273229 -0.0009922094407213509
62.5 0.011238588715696694 -0.01733248076394127 0.0020210206800762333
67.5 0.007660083287734775 -0.01760246300548127 0.000493033882882743
72.5 0.00602871933431234 -0.014270326770119265 0.002862909893698239
77.5 0.006038892122342887 -0.013189746995908526 -0.00038530010416922044
82.5 0.003798062884509897 -0.01229235368266023 0.006590507040430696
87.5 0.002607678257532522 -0.012345890866423318 0.004842689022497217
92.5 0.0031962062600566785 -0.01081824250237695 -0.00089549477464894
97.5 0.003829925036982557 -0.00835838110697517 0.00036315980506042007
102.5 0.00458054950808514 -0.004669209082697149 -0.001126026576631595
107.5 0.0035736071246957285 -0.004485562613954988 -0.0006449173736143598
112.5 0.0021786604642030517 -0.004500584261100739 0.00401556406590668
117.5 0.0009682316608999024 -0.003425324184240323 0.0021067345272792644
122.5 -0.0005079767673896977 -0.005845454562411115 0.0013486801231631072
127.5 0.0005736258999787694 -0.005853568896538938 0.001676090013213108
132.5 2.6934234830467744e-05 -0.004465392502999074 0.002351464925885849
137.5 -0.00018089627514219695 -0.005783350433499553 -0.00019999517169039921
142.5 9.906355869197559e-06 -0.005302114039581637 0.0026207541986626947
147.5 0.0011632494431604498 -0.002865482735170065 0.0012455644354599608
152.5 0.0003969081154713065 -0.0037850092330274404 0.0023828817988652776
157.5 0.0006939946352691114 -0.003911387029286746 -0.00043987740315776556
162.5 0.0006850855531234528 -0.002166348571727075 0.0016728191198085672
167.5 0.0007500418731085345 -0.0021927763437355773 -0.0018060761941405196
172.5 0.0002600382710090907 -0.0020454379307949756 3.533711970878637e-05
177.5 0.0003163891078228946 -0.0022756161559283044 0.0016564693158310543
182.5 1.0235095050022077e-05 -0.0017879619669249334 -0.0001042388505317825
187.5 0.00034704109670458236 -0.0008125970212528735 -0.00018237685449003422
192.5 -4.3809422065010905e-05 -0.00018051201182222212 -0.0007707463394193003
197.5 0.0001955065776774344 -0.0005023890766232687 0.0007073577209377364
